270

Rehellen, deren 1441141143, 54.

114141414311114341413, 1411 44114-
44414 11114144 11-12. 4411114111 cm
30 5441 1543, 233.

Reitpeitsche mit 41441 14114 41134-
11441144 4441411 223.

31414114, 14131141 stadt 241.

111114130114144, 16. 02. 103.

341414141111341111344 plari-haue 227.
1141414414411114344 14441141233.

1141411141, Erum. v., 10.

34411444. 1411444 Friedrich 7. 12. 38.
40. 115. 203. 203. 238. 44141143
214. 44144 441141114141 223. 114111
10. 17. 13. 20. 114. 139. 1411444
Ernst 214.

34141141144 3411441441, 341, 2532.
33.

34114111413,4411432342354141414·
411143 der 314144 216. 1414414414,
grifin, Wclredr 3414411114, 44114-
ren 4141141, 441 34441114141 226.
44111141. Joh. Heinrich 218. 225.
Giinther 243. 4144 3111114, 3414144
14114314 144 31414, 14411411 222.
1141 4144 3414 14414114 243.

3411411441413, Frid. 144, 1141 4414
4414 36.

1141114144, 31444144 von, 20. 21. 31.
3411114411, 14141114, 85.
8411144411, 0114, 5.

3411, Phil. 441 christoph 2. 7. 74. 123.
125. 147. (1141111111, 138. 133.)
3141114344, (1441. Franz von, 42. 65.

3111414411414114 141 3114114341 214.
Simon von 1144141441, 14114111 144
41111441414 144 ’11141 135. 112.
341414314144. Ernst 11. 1313152.
Eberhard 152. 1141411411 13. 13.

3344141 und deutsche 43. ’

3111141, 544.,.173. ’

’111414 233. 233. 240. 414 14114114 den
414144143414134163. J

Teufelespuk 234. ‚

114414144, 111114, plener 14 111114·

1413 7. 13. 22. 209. 211411111 (1543)
243.

11141, 4111144141 von (J ohannIV. 144
14441413) 6. 17. 36. 116.

1111411440, 44111441-11441141 14414434-
1413 105. 203.

Τ1γ3431ο144,114141411, 3. celeb 256.

14414, 115413 144, 1414341413 74.
75.

’11111144 101. 184185.

Uhren 17. 183. 213.

1143441, Joh, 153.

14111413141141316311144144, 152.

Verden 14143411 83.

1141, 111141 5. 246 (141 hof Fchr im
4141411444144144 44111141444344).
11131144, 2111414444 23. 37. 36. 103.

112. 114. 132. 146. 137. 198.

14341141341, 341441, 33.

1414114141, 614413, 8.

Weldech, 3141 Wolred 4414414434-
41411114 1444144111, 44144 1111141 Ρ11·
llpp und Johenn, 3141 Samuel, 1441
4111141141 scite. Heinrich, bastard 5.

weingarten, Δ11 144, 36.

1413441413, 41411 3. 208. 203.

1141141311, 11411444, 11.

weil, 11441 14441141 153.

Werthhelm, 31414417.

Wetle, 4441411414 57.

11144114434413, 13.

Wildenmcrlrer, 114441, 10. 31.

Wilhelm, 44414111 144 314144 vonlles·
44414. “

11114414131411441411311414 43. 434-
4141 (14441141 53.

11111441413, Ulrich vcn, 11. 33. 38.
(1111414311 144 1111441413 441
Mhmpclgerd 171. 131.

111134441414, 3141 wilhelm d. j. 15.
l'l. 152.

Wittich‚ Vitue, 4414 341144 103172.

Wolmerhhueen, Herm. 144, 5.

2441444141, 7. 11. 14. 15. 20. 21.
43 und 31141. 111141, 1441411 11.

 

