1161611 11161161161161161 611 1111636
116113616111161 115.

1661616, 0161161166 61616166. ’
1166161616, 11661361 zu 11366113 43.
46. 64. 90. 91. 96. 109. 111. 195.

111161111616661, 18.

Linde, 1161611, 11611666 6611161, 611611
(1111116 61611Μ61611. 06661 3611111
116 61611116 616 ΒΙ616116161611 61

Α 661 111111. 961111. ΙΙ, 195.)

16316 (16116361), 06613, 18.

1111161, 6116 an ihm 1616161116 161-
3111113103.

1161611116, 14. 37116 61161.

116111, 6111166161 161, 78.

116161, 06613, 8.

1161161667. 18. 146.

1111161616, 111611, 3161 161, 36. 176.

116116611116, 31166116616,161 06111
1661 11366113 gebracht 119.

1116161116 6166161, 6. 31616616113, J 6·
661111.

1161111116, Dr„ 13. 14. 16.17. 30.

Μ61111, Beth, 33.

116111111161 I. Sein 11661113661111611
105. “

116111111161,6111161163, 15. 17. 77. 167.

116161611161,Ρ11., 7. 18116 61161.

Μ66ορ161, 1111616136161161111113 666-
6616611140.

Μ1611661,611163611 von 116111 101. 104.
105.

111161111316, 661111616 6. 19 116 61-
161; ·Jo. 6613613616 5. 7. 14. 16116111,
16116611616161 9. (1131. 9611116361
II, 196.)

11616116. 6116111616 611616 108.

116166111136611360. 80. 81. 91.

11111161611316616111611 soll truppen
111 1616361113 1611761661 6161161
86.

1116611116, 116113, 1166136111 1136-
6ω11111111
54. 61. 67. 78. 81. 86. 94. 106103.

, 106117. 115. 130.140.148. 160.

²⁶9:

106. 173177. 181. 1110 1136111113
16116161 196 11. 113. 111.

1111611161, 1161161166116 17.

1166661 (-1)111616113),1111116111 161,
5. 11. 14. 15. 16. 16415166. 141.
163. 184. 194. 197. 198.

1166661, Philipp, 91. 98. 114.

1166661 (6616166161),6611., 66.

11611116 6161616 (Hopen), Η6111.1116
6611, 116166 11 11611666 61616161
(9611116361 11, 193) 6. 19 und 61161.

1111116613 8. 66166166166 66661 109.

01611611361, Ρ611., 17 116 61161.

06111116, Β61111, 33.

061616611666616616 161 11.

01111361, 3161916113. 161, 191.

0116, 611116166111166 11 61361113 (6111
061161), 661166161161166111611616148.
49.

Ρ6661. ’11111Ρ61116 116 Ρ166616661, ι

11161661666113113,6616611666116
36116116116 61616611 11. ’

1666166111, 61661616611661116111616· ·

6611116611 11.

Ρ6361 666 11616616 61. 666 6116166166
161 0611 151. .
Papenheim, 161616161661161110.18811.

197.
Papiermfihlen 56.
Ρ1611-Β61611,0111161111611161,10191.

1111111361,66616111016116116648197.

Ρ111311,111., 74. 130.

Philippus, hofpredigor zu 11661616 6. 3

16111611, 1161163 Philipp von, 211.

Ρ166131666161161 evangelii 11 061·
6161616161 38.

’ Praise: 6661636363161666. 61166 61-

6611111611611166666 33. 61166 161611-
* 36611611616111611616 49. 611661161-
666 96. 666111311616 107. 61166 661.-
6166 171. 611663616611611161116116
198. 61166 61616 131. 61161 16661161-
1111376139. 161 1111116111 168.
161. 166. 185. 61166 6163616 141.
11611611, gibt 6611611161113611113 18.

 

