REGISTER.

15811181118181 1181385113 45.
151181 11811181 und 81118 581811
109.
811181, 118, 111881311111 108. 181.
Agricola 181 21818511, 1811.. 32. 159.
8118158181, Μ11111. 181, 28.
Allium, 81118 1181111111 97.
8111115113, 31810511818115, 177.
8181113111, Herm. von, 17. 52.
8111381118, deren 5811111811 194.
81111111 astronomicum 158. 168.
Aquila, 01811, 237. 238. 240.
Arnold, 1811111111 (1811811811 10.
8111811111, 3115181112181 242.
, 811151111818, 8185 1111118118.
1831581381, 1111081 31808 8111111181ι
1111181 141 1511818515111 2511518
11851 zu 381188 1181135. ’
Β151111111 32.
8118181111111811111181111 221. 222.
8111811111 (1118111111 107. 110.
Rabirius, Ρ111.,1111 11111111 58181111
32.
8118581118858111 41315113, 58.
Β11113111181, Η18181111.8.212. 213.
Β8111115113,1181185113, Β81181111311,
08111. von, 11. 93. 119. 183.
11181, 0815118511, 116.
Bouron (811181), Max von, 11.
81111, 01111811181311111111 33. 183.
Β1118118115113, 8851811227. 228.
31811815113, 815811 181, 14. 16.17.
140. 218. 188811111618. 19. 20.
191. 1811811 145.

Β1811181111113,1111815.181,19. 21185 .

59. 181. Ernst 14. 80.

11181181 65.

Β18111,18., 78. 254. 255.

= 818818111, 15. 18. 31. 56. 75.
0138151381, 1811, 1811 tol 7.

11113, 1101311 181 1181, 38188851111 8.

213. 223.

018111, Martia, 206. 208.

0118111811101811.,31. ¹

0111111111 und 1851151118181118118111
11185 Δ1385813 gebracht 98. „

carbonarius (0815881181),1181(181111,
5. 20. 291(7111111. 11. p. 199.)

088511111185, 85.

0611(81151885811(1811111.) 6. 11. 15.
68106. 107. 112. 111133107.
181. 181. ,

colloquium 11 8138815113 59. 146. -
147.

08111111, 1811, 18111188511181 49.

0811181, 811 111881111581, 5818118181
berault 90.

0181815813, Herm. 181, 11.

1111111311,11811 181, 18. 222.

1111381, 3111 1.,811 311185038111811
135138.

1111158811, christoph 181, 6.

1)111,1811.,111111118110. -

Dom 18 1413811113, 38111118 111111 99.

111888, Alb„ 215. 217. 219. 221. 224.
229. 2321234. 239. 240. 247.

1158181111, Phil. von, 2. 17..

85181, Η181., 8. 211.

1181 von 5811111811, 1118, 383181 (181
1818118081 178.

Ε318113181117. 137. .

1111 (1813811018581 228.

 

